1779163221172 0.6837700605392456 0
1779163223022 0.8723773956298828 1
1779163226194 0.8556966781616211 2
1779163229055 0.5946475863456726 3
1779163231829 0.49640360474586487 4
1779163234309 0.6663810014724731 5
1779163236849 0.5250923037528992 6
1779163240466 0.4607608914375305 7
1779163245215 0.5051513910293579 8
1779163247347 0.5279058218002319 9
1779163249700 0.4962337911128998 10
1779163253088 0.44050660729408264 11
1779163255437 0.44153842329978943 12
1779163258584 0.4619874060153961 13
1779163263352 0.42384737730026245 14
1779163266487 0.4013809561729431 15
1779163268692 0.4058140814304352 16
1779163272645 0.40385809540748596 17
1779163276239 0.38474783301353455 18
1779163279367 0.3648938536643982 19
1779163282619 0.3684200644493103 20
1779163284593 0.35462117195129395 21
1779163286789 0.33225196599960327 22
1779163288715 0.3204565644264221 23
1779163291441 0.31068405508995056 24
1779163295082 0.2945074439048767 25
1779163297253 0.2775498032569885 26
1779163300158 0.26940566301345825 27
1779163303706 0.2538580000400543 28
1779163307060 0.23492474853992462 29
1779163309954 0.2231639176607132 30
1779163313928 0.20735971629619598 31
1779163317208 0.18984225392341614 32
1779163320129 0.17927438020706177 33
1779163323512 0.16126732528209686 34
1779163325958 0.14637793600559235 35
1779163328201 0.13327518105506897 36
1779163330812 0.11943872272968292 37
1779163333411 0.10963578522205353 38
1779163335804 0.09680958092212677 39
1779163338422 0.08903998881578445 40
1779163341115 0.07935895770788193 41
1779163343236 0.06958183646202087 42
1779163346484 0.06257208436727524 43
1779163349633 0.05544915050268173 44
1779163352252 0.050097059458494186 45
1779163354447 0.043982841074466705 46
1779163356170 0.03857406973838806 47
1779163357761 0.034558363258838654 48
1779163359374 0.030010920017957687 49
1779163360876 0.02670479193329811 50
1779163362862 0.02349931187927723 51
1779163364014 0.020620595663785934 52
1779163366663 0.018485333770513535 53
1779163369811 0.016040783375501633 54
1779163371471 0.014445910230278969 55
1779163373464 0.012778259813785553 56
1779163375264 0.011282416991889477 57
1779163376963 0.010251385159790516 58
1779163378456 0.009132618084549904 59
1779163380534 0.008161826059222221 60
1779163382510 0.0074702538549900055 61
1779163384530 0.006775441113859415 62
1779163389185 0.00611787149682641 63
1779163393112 0.005625281482934952 64
1779163395509 0.005176709033548832 65
1779163397922 0.0047304448671638966 66
1779163400716 0.0043538594618439674 67
1779163402598 0.004055529832839966 68
1779163404348 0.0037774748634546995 69
1779163406128 0.003503270447254181 70
1779163407595 0.003264958504587412 71
1779163409628 0.003070692764595151 72
1779163411426 0.00289327884092927 73
1779163413113 0.002717715222388506 74
1779163414761 0.0025570853613317013 75
1779163416403 0.0024222820065915585 76
1779163418318 0.0023043006658554077 77
1779163420329 0.002190137282013893 78
1779163422685 0.0020797511097043753 79
1779163425720 0.001981018576771021 80
1779163427681 0.0018960643792524934 81
1779163430968 0.0018187251407653093 82
1779163432788 0.0017431095475330949 83
1779163434468 0.001670564291998744 84
1779163436517 0.001605508616194129 85
1779163439394 0.0015481399605050683 86
1779163441064 0.0014946787850931287 87
1779163442421 0.0014424268156290054 88
1779163443692 0.0013924578670412302 89
1779163445909 0.0013469690456986427 90
1779163447637 0.0013058704789727926 91
1779163449259 0.0012672970769926906 92
1779163450904 0.0012296721106395125 93
1779163452376 0.0011934158392250538 94
1779163454293 0.0011597202392295003 95
1779163455954 0.001128767034970224 96
1779163457302 0.0010995708871632814 97
1779163458684 0.0010712022194638848 98
1779163462374 0.001043694675900042 99
1779163221172 0.6837700605392456 0
