1779103658200 0.65562903881073 0
1779103659426 10.42962646484375 1
1779103660769 17.61910629272461 2
1779103662428 18.75 3
1779103663974 18.75 4
1779103665090 18.75 5
1779103666571 18.75 6
1779103667677 18.75 7
1779103668859 18.75 8
1779103670170 18.75 9
1779103671302 18.75 10
1779103672538 18.75 11
1779103673691 18.75 12
1779103675181 18.75 13
1779103676811 18.75 14
1779103678064 18.75 15
1779103679355 18.75 16
1779103680911 18.75 17
1779103682571 18.75 18
1779103684034 18.75 19
1779103686249 18.75 20
1779103687929 18.75 21
1779103689556 18.75 22
1779103691271 18.75 23
1779103692867 18.75 24
1779103694487 18.75 25
1779103696124 18.75 26
1779103697341 18.75 27
1779103698528 18.75 28
1779103699928 18.75 29
1779103701067 18.75 30
1779103702643 18.75 31
1779103703756 18.75 32
1779103704888 18.75 33
1779103706283 18.75 34
1779103707614 18.75 35
1779103708979 18.75 36
1779103710309 18.75 37
1779103712024 18.75 38
1779103713147 18.75 39
1779103715037 18.75 40
1779103717047 18.75 41
1779103718729 18.75 42
1779103720499 18.75 43
1779103722919 18.75 44
1779103724578 18.75 45
1779103726963 18.75 46
1779103728523 18.75 47
1779103729886 18.75 48
1779103731064 18.75 49
1779103732343 18.75 50
1779103733773 18.75 51
1779103735266 18.75 52
1779103736618 18.75 53
1779103738029 18.75 54
1779103739544 18.75 55
1779103740961 18.75 56
1779103742461 18.75 57
1779103743713 18.75 58
1779103745036 18.75 59
1779103746386 18.75 60
1779103747649 18.75 61
1779103748725 18.75 62
1779103749936 18.75 63
1779103751152 18.75 64
1779103752382 18.75 65
1779103753731 18.75 66
1779103755016 18.75 67
1779103756235 18.75 68
