1779163757471 0.692423403263092 0
1779163759159 1.6813491582870483 1
1779163761691 0.8927233815193176 2
1779163763530 1.3232598304748535 3
1779163766728 0.7262797951698303 4
1779163768391 0.6113975048065186 5
1779163770177 0.7193339467048645 6
1779163773092 0.6548793315887451 7
1779163777751 0.5715243220329285 8
1779163780662 0.6587093472480774 9
1779163782715 0.5964897274971008 10
1779163784529 0.5597017407417297 11
1779163786215 0.57561856508255 12
1779163787750 0.5638076066970825 13
1779163789241 0.5426555871963501 14
1779163790978 0.5483608841896057 15
1779163792684 0.5291566848754883 16
1779163794505 0.5278908610343933 17
1779163796685 0.5214632749557495 18
1779163798952 0.5065558552742004 19
1779163801477 0.5105358958244324 20
1779163803297 0.4899008572101593 21
1779163805471 0.4831528961658478 22
1779163807500 0.47357967495918274 23
1779163809193 0.4565126895904541 24
1779163812278 0.4514721632003784 25
1779163814282 0.43626415729522705 26
1779163816383 0.4204639792442322 27
1779163818837 0.40636712312698364 28
1779163822675 0.39399993419647217 29
1779163825441 0.37612488865852356 30
1779163828419 0.35810768604278564 31
1779163830750 0.34537068009376526 32
1779163832898 0.3276236355304718 33
1779163834309 0.31398409605026245 34
1779163835767 0.292270302772522 35
1779163837575 0.2753262221813202 36
1779163839200 0.2598905861377716 37
1779163840958 0.24087952077388763 38
1779163843135 0.2224520444869995 39
1779163845912 0.2048719972372055 40
1779163847380 0.18745926022529602 41
1779163849100 0.17071664333343506 42
1779163851069 0.15494857728481293 43
1779163852921 0.14185494184494019 44
1779163854746 0.12695617973804474 45
1779163856838 0.11258150637149811 46
1779163859364 0.09998399764299393 47
1779163861640 0.0878886729478836 48
1779163863792 0.08078617602586746 49
1779163866447 0.07045942544937134 50
1779163869034 0.06453265994787216 51
1779163870803 0.055033810436725616 52
1779163872600 0.04942980036139488 53
1779163874127 0.04367528483271599 54
1779163875259 0.03891143575310707 55
1779163876202 0.03392608463764191 56
1779163877087 0.03097217157483101 57
1779163878014 0.02873215265572071 58
1779163879050 0.025908341631293297 59
1779163882629 0.023188678547739983 60
1779163883943 0.020574960857629776 61
1779163884901 0.018898047506809235 62
1779163885855 0.016823595389723778 63
1779163887040 0.015526005066931248 64
1779163888280 0.014127652160823345 65
1779163889673 0.012838812544941902 66
1779163892372 0.011683952994644642 67
1779163893762 0.010625539347529411 68
1779163895186 0.009644920937716961 69
1779163896755 0.008764293044805527 70
1779163898331 0.008015524595975876 71
1779163899891 0.00743563286960125 72
1779163900991 0.006920025683939457 73
1779163902473 0.006360914092510939 74
1779163903918 0.005847980733960867 75
1779163905275 0.0054314094595611095 76
1779163906721 0.00505823316052556 77
1779163908321 0.004722190089523792 78
1779163909578 0.0044255913235247135 79
1779163912811 0.004157074727118015 80
1779163915808 0.003914752975106239 81
1779163916962 0.0037028612568974495 82
1779163917948 0.0035131697077304125 83
1779163918873 0.0033377769868820906 84
1779163919861 0.0031743391882628202 85
1779163921025 0.0030214025173336267 86
1779163923131 0.0028807574417442083 87
1779163925089 0.002749340608716011 88
1779163926331 0.002629384398460388 89
1779163928306 0.002519124886021018 90
1779163929668 0.0024168340023607016 91
1779163930961 0.0023218526039272547 92
1779163933046 0.0022336128167808056 93
1779163936046 0.0021517430432140827 94
1779163937736 0.0020759582985192537 95
1779163939423 0.0020070646423846483 96
1779163941301 0.0019487023819237947 97
1779163943149 0.0018920495640486479 98
1779163944684 0.0018339838134124875 99
