1779163470073 0.7186717987060547 0
1779163478326 1.1222810745239258 1
1779163483892 1.1396915912628174 2
1779163488291 0.8046317100524902 3
1779163493008 0.5152016878128052 4
1779163496461 0.6986590623855591 5
1779163498848 0.7161357998847961 6
1779163500381 0.5960819125175476 7
1779163502026 0.4880920946598053 8
1779163503733 0.5179279446601868 9
1779163506205 0.5431546568870544 10
1779163509658 0.5241907835006714 11
1779163512113 0.4743025302886963 12
1779163514634 0.4639907777309418 13
1779163516858 0.48801565170288086 14
1779163518673 0.46756210923194885 15
1779163520887 0.43382206559181213 16
1779163523613 0.4345862865447998 17
1779163525868 0.426006019115448 18
1779163528319 0.41395455598831177 19
1779163530372 0.4129074513912201 20
1779163533155 0.39801639318466187 21
1779163535829 0.3865816593170166 22
1779163538584 0.37585359811782837 23
1779163540977 0.35893505811691284 24
1779163544286 0.3432738184928894 25
1779163546606 0.3258400857448578 26
1779163548638 0.30756816267967224 27
1779163550744 0.29049378633499146 28
1779163553757 0.2779143750667572 29
1779163556185 0.2580769658088684 30
1779163560032 0.24061818420886993 31
1779163562471 0.23146136105060577 32
1779163565605 0.21144816279411316 33
1779163568210 0.19732235372066498 34
1779163570946 0.18173733353614807 35
1779163573273 0.16649742424488068 36
1779163576013 0.1515607237815857 37
1779163578292 0.136506587266922 38
1779163582122 0.12268932163715363 39
1779163585816 0.1086067408323288 40
1779163592207 0.09635435044765472 41
1779163594663 0.08417490869760513 42
1779163597189 0.07689183205366135 43
1779163599369 0.0658944770693779 44
1779163602067 0.057316552847623825 45
1779163605623 0.0509980209171772 46
1779163609575 0.0434284508228302 47
1779163614395 0.03856562823057175 48
1779163617463 0.03161526098847389 49
1779163620880 0.02909785509109497 50
1779163627675 0.02256757952272892 51
1779163630669 0.02001776546239853 52
1779163633423 0.015852387994527817 53
1779163637884 0.016572779044508934 54
1779163640890 0.011494879610836506 55
1779163643372 0.010947087779641151 56
1779163646153 0.009004113264381886 57
1779163650521 0.007132305763661861 58
1779163652946 0.007954713888466358 59
1779163655868 0.005609706975519657 60
1779163659240 0.004907958209514618 61
1779163662325 0.004884864203631878 62
1779163664485 0.004342603962868452 63
1779163666829 0.0035084702540189028 64
1779163669016 0.002905684756115079 65
1779163671241 0.0026775808073580265 66
1779163673247 0.0025924646761268377 67
1779163675776 0.002358814934268594 68
1779163678156 0.001981663051992655 69
1779163680287 0.0016394176054745913 70
1779163682803 0.001406404422596097 71
1779163685170 0.001258015283383429 72
1779163687492 0.0011545101879164577 73
1779163689620 0.0010550647275522351 74
1779163690938 0.0009440998546779156 75
1779163692251 0.0008262945339083672 76
1779163694745 0.0008537074318155646 77
1779163697832 0.0008475564536638558 78
1779163703455 0.0007108309655450284 79
1779163712192 0.0006516339490190148 80
1779163717138 0.000646933272946626 81
1779163723533 0.0006411100039258599 82
1779163725955 0.000616101489868015 83
1779163728602 0.0005728726391680539 84
1779163730938 0.0005205341149121523 85
1779163732730 0.000475392589578405 86
1779163734787 0.00045555768883787096 87
1779163737037 0.00045522829168476164 88
1779163739499 0.00044907364645041525 89
1779163740708 0.000423491932451725 90
1779163741443 0.00039439863758161664 91
1779163742102 0.00037563283694908023 92
1779163743328 0.00036611268296837807 93
1779163744777 0.00035979802487418056 94
1779163745739 0.0003528885717969388 95
1779163746621 0.00034398119896650314 96
1779163747482 0.00033318501664325595 97
1779163748375 0.00032139071845449507 98
1779163750691 0.000309742841636762 99
1779163470073 0.7186717987060547 0
