1779103782633 0.7042812705039978 0
1779103783591 1.0062086582183838 1
1779103784315 0.9714290499687195 2
1779103785004 0.6958944201469421 3
1779103785860 0.48811858892440796 4
1779103786576 0.5364011526107788 5
1779103787275 0.6193901896476746 6
1779103787977 0.559858500957489 7
1779103788651 0.4816718101501465 8
1779103789380 0.46184438467025757 9
1779103790061 0.4815762937068939 10
1779103790792 0.467459499835968 11
1779103791501 0.44388094544410706 12
1779103792334 0.4544123709201813 13
1779103793074 0.4364953935146332 14
1779103793762 0.42762842774391174 15
1779103794458 0.4227483868598938 16
1779103795310 0.40520352125167847 17
1779103796058 0.4064437448978424 18
1779103796763 0.3887864351272583 19
1779103797505 0.3782268166542053 20
1779103798344 0.3653154969215393 21
1779103799202 0.34857046604156494 22
1779103800435 0.34435635805130005 23
1779103801429 0.3227372467517853 24
1779103802156 0.3153701722621918 25
1779103802862 0.2980367839336395 26
1779103803628 0.28664183616638184 27
1779103804442 0.2703421711921692 28
1779103805323 0.2546531558036804 29
1779103806233 0.23851564526557922 30
1779103807235 0.22581128776073456 31
1779103807950 0.20940092206001282 32
1779103808637 0.1925627887248993 33
1779103809312 0.18066217005252838 34
1779103810073 0.16415110230445862 35
1779103810782 0.15079952776432037 36
1779103811509 0.13850751519203186 37
1779103812203 0.1247556209564209 38
1779103812951 0.11452184617519379 39
1779103813858 0.10321575403213501 40
1779103814578 0.09303130209445953 41
1779103815308 0.08442229777574539 42
1779103816107 0.07505907118320465 43
1779103816798 0.06813033670186996 44
1779103817494 0.06055415794253349 45
1779103818170 0.05422312021255493 46
1779103818865 0.048607371747493744 47
1779103819597 0.043135423213243484 48
1779103820350 0.038816966116428375 49
1779103821409 0.034441713243722916 50
1779103822381 0.031120771542191505 51
1779103823095 0.027659490704536438 52
1779103823782 0.024981820955872536 53
1779103824487 0.022284595295786858 54
1779103825835 0.020342815667390823 55
1779103826854 0.017883241176605225 56
1779103828094 0.016371892765164375 57
1779103831065 0.014464719220995903 58
1779103832644 0.013236546888947487 59
1779103834213 0.011774465441703796 60
1779103835512 0.010736037977039814 61
1779103939465 0.009691176936030388 62
1779103940457 0.00873873196542263 63
1779103941706 0.008018347434699535 64
1779103942964 0.007166282739490271 65
1779103944351 0.006540027447044849 66
1779103946527 0.005919772200286388 67
1779103948030 0.005461779423058033 68
1779103949511 0.004971483256667852 69
1779103951048 0.004575012251734734 70
1779103952230 0.004186555277556181 71
1779103953316 0.00387229910120368 72
1779103954675 0.0035518822260200977 73
1779103956324 0.0033056954853236675 74
1779103958598 0.0030431568156927824 75
1779103959841 0.0028349230997264385 76
1779103961324 0.002642591018229723 77
1779103962733 0.0024591952096670866 78
1779103964019 0.0023138485848903656 79
1779103965314 0.002167335944250226 80
1779103966488 0.002030931878834963 81
1779104869788 0.0019173824694007635 82
1779104870940 0.0018030169885605574 83
1779104872046 0.0016985684633255005 84
1779104874253 0.0016113955061882734 85
1779104877286 0.0015269618015736341 86
1779104879270 0.0014466121792793274 87
1779104881674 0.0013780875597149134 88
1779104883437 0.001314413151703775 89
1779104884682 0.0012515881098806858 90
1779104886207 0.0011955235386267304 91
1779104887476 0.0011450632009655237 92
1779104888649 0.0010956875048577785 93
1779104889895 0.0010503251105546951 94
1779104891180 0.0010089983697980642 95
1779104892287 0.0009708091383799911 96
1779107608780 0.0009309696033596992 97
1779107610877 0.0008955964585766196 98
1779107612009 0.0008648718940094113 99
1779103782633 0.7042812705039978 0
