1779102487245 0.7015951871871948 0
1779102488339 3.943110704421997 1
1779102489233 3.182154655456543 2
1779102490441 1.861867904663086 3
1779102491773 0.8122943043708801 4
1779102493343 0.7111318707466125 5
1779102494343 0.7651021480560303 6
1779102496528 0.5792770385742188 7
1779102499271 0.49396055936813354 8
1779102500897 0.47745823860168457 9
1779102502340 0.4897729754447937 10
1779102503964 0.48404425382614136 11
1779102505416 0.47719326615333557 12
1779102506580 0.4732740521430969 13
1779102507410 0.47603288292884827 14
1779102508305 0.47107696533203125 15
1779102509056 0.46740928292274475 16
1779102510701 0.46369194984436035 17
1779102511812 0.4580191671848297 18
1779102512982 0.45431414246559143 19
